505 4
MCO 0.71861446 0.93430454 1.230593 -0.47783867
MNST -0.02964494 -0.84090215 -0.17502087 -1.0962085
SPGI 0.77002114 0.649069 0.98620397 -0.47350034
JNPR 0.73799074 0.3624839 -0.7422172 -1.0617695
AAL -0.38576382 0.27330714 -2.7405 -2.469416
BBY 0.26171547 0.10218874 -1.8960608 -1.7326308
INTU 0.61008584 0.45451048 1.3386617 -0.4246563
SRCL 0.823139 -0.55266523 1.1948577 -0.19931634
SCHW 0.017574197 2.0900183 -1.0503035 -1.8655398
MCHP 0.6919175 0.5908169 -0.44103068 -1.0144525
FLR 0.57348204 0.5253067 -0.453795 -1.0889469
CL 0.9568059 -0.63364977 3.2659116 0.5504789
ILMN -0.2191546 -0.3739751 -2.0755074 -2.0197513
PVH 0.30619314 -0.5070269 -0.8936682 -1.2280298
FB 0.2695695 -0.32540953 -0.9953411 -1.3055503
M 0.09513835 -0.7157333 -1.2298707 -1.4723107
IRM 0.38929975 -1.366661 0.38562942 -0.60630995
VAR 0.6252141 0.057888683 1.4941938 -0.30191574
DAL -0.47965056 0.47942075 -1.9189049 -2.2074268
BA 0.40635765 0.5821119 1.3422118 -0.5496939
IT 0.5147654 0.23855634 1.0941352 -0.5163054
BAC 0.5446873 2.3909197 -0.24519978 -1.3551539
EXC -1.2556188 -2.5683684 1.1950353 -1.0665122
ETR -1.3368249 -2.7844884 2.2540507 -0.7131322
XRX 0.82844806 0.40711445 -0.5431497 -0.9542085
LEN -0.3932452 -0.13194005 -1.4724201 -1.8818804
LB -0.0663524 -0.49112508 -1.249445 -1.5849295
KLAC 0.35793754 0.07956692 0.41479155 -0.82386506
PWR 0.47432536 0.17001042 -0.8478134 -1.2270739
RJF 0.2101649 2.3037686 0.23298171 -1.3565121
HUM 0.29981866 -0.0668947 -0.07470837 -1.0116624
C 0.6568982 2.0356574 0.53965354 -0.95879
VFC 0.5445739 0.1670095 0.4915188 -0.70427793
EL 0.6226588 -0.23843 1.9526415 -0.10722988
GLW 1.0951799 0.62737 0.340837 -0.537904
DHI -0.30047092 -0.135078 -1.3694912 -1.8016077
NEM 0.047288384 -1.3892502 -2.3712494 -1.8814621
AEE -1.5692692 -2.6398537 2.7838643 -0.7217686
RMD 0.32765067 -0.18920733 0.32115105 -0.8206298
PG 0.9138489 -0.5336124 3.05155 0.45867643
RHT 0.642444 0.2668422 0.05032632 -0.8305475
RHI 0.47848433 0.4406253 0.18756363 -0.90184504
MAS 0.0076297773 -0.019185139 -0.2436915 -1.2155449
EFX 1.0794082 0.48271513 1.293981 -0.19324638
DPS 0.47745678 -0.87747926 2.372771 0.051606394
IVZ 0.50116 1.912517 0.12958279 -1.1196918
KSU 0.5639767 0.3049482 -0.37060377 -1.0236764
AES -0.65967494 -1.5165976 -0.14184867 -1.3702005
NFLX 0.32932338 -0.14711758 -2.5011408 -1.9143883
AXP 0.9059862 0.9466063 1.3361446 -0.34041095
SIG 0.18675463 -0.29814318 -1.4351873 -1.5572158
MU 0.06965046 0.113293104 -3.6479785 -2.5987427
TDG 0.7584793 -0.049523916 0.50045604 -0.5582029
RF -0.016901147 2.3809996 -0.951794 -1.8979611
HIG 0.55767536 1.2865909 1.4818037 -0.5327712
FDX 0.55493915 0.36895216 1.0277245 -0.5473835
VZ 0.70144296 -0.22946309 1.6225698 -0.15222906
IDXX 0.22514848 -0.3369262 0.46750838 -0.7989048
PNC 0.7763244 2.0710328 1.1842046 -0.65121895
T 0.28214198 -0.46561307 2.2728205 -0.14645967
LUK 0.7763598 0.8967888 -0.53325987 -1.0620972
ABBV 0.17709245 -0.20620677 -0.27243766 -1.1215156
TRV 1.1324015 0.15880698 2.5872376 0.31184328
DVA 1.1038862 -0.40033638 1.0140405 -0.13275722
KMI 0.5894899 -1.4414754 -1.0152005 -1.0286852
CTSH 0.5922999 0.29999143 0.3178551 -0.74941474
CRM 0.9334604 0.027561475 -0.6843523 -0.88396895
FCX 0.7515183 -1.5560715 -3.8375647 -2.1658595
ADM 0.53742915 -0.33018008 0.4734689 -0.6453311
PFE 0.8660303 -0.47111896 1.0832874 -0.21332766
CTAS 0.7486768 0.562857 1.7393486 -0.22307524
AMG 0.47263083 1.2801651 -0.62731045 -1.316182
EQT 0.7368606 -1.4820837 -2.3885987 -1.4519984
CCL 0.4881491 0.48919198 0.47108582 -0.79375553
DGX 0.6702911 -0.21328747 1.1988819 -0.33256707
AKAM 0.3633727 0.1668705 -0.86858237 -1.2871417
NEE -1.1549674 -2.841104 3.191016 -0.34822518
GT -0.0629841 0.1856055 -1.0906881 -1.618087
PEP 0.9280218 -0.6741969 3.199624 0.51516706
GPS 0.324186 -0.634115 -1.5028813 -1.465954
HCA 0.23764928 -0.049085252 -0.7436469 -1.2957758
KO 0.6230801 -0.7466256 2.7279875 0.21989548
NFX 1.3498167 -1.9785914 -4.170224 -1.9018921
COF 0.36255294 1.841326 0.48919258 -1.0692868
PDCO 1.0770987 -0.21094893 0.73560405 -0.26961446
BF.B 0.38814145 -0.88019425 1.5268198 -0.2667744
LEG 0.66487855 0.035594773 1.2644126 -0.35121217
MET 0.40146968 2.2180405 0.19046435 -1.2411786
SWK 1.0709461 1.072357 1.4487234 -0.25703153
NLSN 0.67602754 -0.008286967 0.60413754 -0.54743934
HRS 0.97213477 0.26015455 0.9680694 -0.3198033
MDLZ 0.53549975 -0.80651236 1.4026096 -0.24592356
ARE 0.39470744 -1.8878253 1.3910588 -0.17291878
PEG -0.91551644 -2.9061499 2.0562367 -0.5649861
HP 0.9881102 -1.646417 -3.522899 -1.7977108
CMS -1.5272703 -3.5924933 2.9044487 -0.5533588
DRI 0.1457444 -0.26895654 0.26333806 -0.9358559
MYL 0.2756074 -0.48708287 -2.0127554 -1.6970332
SO -1.0379772 -2.5687191 3.5147364 -0.19338548
KMB 1.4140579 -0.91194135 2.2417278 0.52629715
AJG 0.9745802 0.37748736 2.3952658 0.13359267
GRMN 0.48154226 0.20696041 -0.33912078 -1.0281805
DFS 0.84253776 1.2211366 0.69434357 -0.64286035
BBT 0.68285567 1.9325646 1.2889733 -0.6623041
CLX 0.67417026 -1.155877 2.7800725 0.32238826
PAYX 1.0075152 0.10647584 1.9480855 0.045610204
AFL 1.1215584 0.84090906 2.066826 0.03695995
ETN 1.0830579 0.73946375 0.57128406 -0.4929235
MKC 0.8825834 -0.73680747 2.5521924 0.30307263
CSCO 1.0549586 0.3001638 1.1172507 -0.23207001
NRG -0.5397687 -2.2733529 -2.5009243 -2.1740785
ANSS 0.80374414 0.23032822 0.72963256 -0.48231936
UAA 0.18682437 0.105637744 -2.3137527 -1.9237955
NI -0.7643406 -2.5529685 1.9855013 -0.53710765
KORS 0.012929188 -0.26465756 -1.841106 -1.8002127
K 0.73870724 -1.464646 2.2876596 0.25236323
TIF 0.56508327 0.2095815 -0.30561367 -0.9873896
UTX 0.80944085 0.8104905 2.0337594 -0.14933611
BRK.B 0.7268135 0.8351982 2.6987698 0.026979377
DLR -0.21483147 -2.060958 0.56088996 -0.781422
F 0.5302326 0.90613383 0.18828557 -0.93773264
GE 0.75001293 0.49836618 1.1608676 -0.40675762
NVDA 0.28714278 -0.3324863 -1.4625576 -1.4984788
NWL 0.7448737 -0.02459762 -0.011441847 -0.73323786
EMR 0.8737728 0.4207986 0.9055851 -0.4311111
A 0.4684864 0.7853031 0.347776 -0.8736822
AIZ 0.33255458 0.7525123 1.5392395 -0.543435
PPL -1.0032209 -3.1846237 2.8323944 -0.32899052
NKE 0.27637058 0.1757217 0.67739743 -0.77275425
JEC 0.81949365 0.62671685 -0.43946415 -0.9587326
AEP -1.2659109 -3.013321 3.080273 -0.41239882
DTE -0.8911819 -3.2362685 3.4225159 -0.10243556
SEE 0.51317364 0.14249426 -0.019427802 -0.8807519
ED -1.4827012 -3.2726483 3.0808468 -0.51777005
ABT 0.49392188 0.32672906 1.3654003 -0.45513973
WY 0.30485892 -0.52512735 0.22197585 -0.8266993
HSIC 0.9363569 0.04676658 1.3269365 -0.17423826
WU 0.5863186 0.6866543 0.5916897 -0.72883475
PCG -0.93023884 -2.7999787 2.5759974 -0.40983504
RTN 0.84402406 -0.07602701 1.8435328 -0.048885927
QCOM 1.0616417 0.6466813 0.47724798 -0.51898795
AIG 0.8985401 1.0046312 1.231811 -0.39343238
FFIV 0.6536101 0.3067125 -0.7122087 -1.0841593
COP 1.411189 -1.4406949 -1.7992404 -0.8811572
KSS 0.036044154 -0.47556686 -1.4909654 -1.6390536
GM 0.25580364 0.5893255 -0.29556775 -1.2049332
DISCK -0.21914424 -0.23026818 -1.6021411 -1.8383819
AVGO 0.21843304 0.29562086 -1.7313087 -1.7143136
NTRS 0.567697 2.0160782 1.0506718 -0.8269535
GD 1.1581517 0.8581418 1.6779864 -0.07482657
XOM 1.2590781 -0.49326536 1.3123274 0.060079806
HSY 0.5216632 -0.9699126 2.3448937 0.08605929
ADS 0.6908166 0.7562917 -0.49921426 -1.0720892
SJM 0.9344206 -0.81543005 2.1615222 0.21531811
MMC 0.9040126 0.7832772 2.6091497 0.115392104
OKE 0.6565877 -2.1188648 -2.1168315 -1.345623
LLY 0.61756665 -0.2996408 0.99552727 -0.4221297
PLD 0.19006163 -1.5573788 1.504093 -0.28812668
CMCSA 0.48240906 -0.25208414 1.2543588 -0.41114858
CVS 0.8111385 -0.5093707 1.4319328 -0.14427592
MSI 0.9798905 0.57453734 1.3248246 -0.24656709
TSS 0.83770615 0.3622856 1.1954558 -0.33378494
DUK -1.1298062 -3.3121798 3.0000248 -0.31782573
WEC -1.4073154 -3.321735 3.4977582 -0.34756175
ULTA -0.030933648 -0.31326348 -0.89642423 -1.4344101
ETFC 0.27220166 2.0379093 -1.7551227 -1.9773042
FMC 0.7392225 -0.13208456 -0.47626495 -0.8827249
PCAR 0.6004262 1.0712825 0.4450681 -0.83251286
MAC 0.2728031 -2.15856 1.0352112 -0.3315911
TMK 1.3058347 1.3042018 2.3128114 0.12823711
BLL 0.72909707 -0.45615688 1.3483657 -0.21425687
GWW 0.64734364 0.49969968 0.0024906686 -0.8681981
ALL 0.74870294 0.18045355 2.5230904 0.09339301
MO 0.65077996 -1.1941383 2.4345882 0.21775202
CBOE 0.24142365 0.43805546 0.55642295 -0.88308704
AAPL 0.37541044 0.018987423 0.23186295 -0.84840715
EIX -1.4843336 -2.9930897 2.538874 -0.7236056
AMZN 0.4804005 -0.0059574246 -0.13091414 -0.92383534
TSN 0.21190767 -0.88769686 0.39876544 -0.7625394
LRCX 0.4553638 0.4602095 -0.83656967 -1.2786394
STT 0.5980976 2.1806335 0.9241664 -0.870415
LNT -1.7850629 -3.089823 3.0018623 -0.74239975
SBAC 0.38542157 -0.52169245 0.39985424 -0.7099099
AGN 0.3391309 -0.18889059 -1.1770641 -1.3755249
NSC 0.5605714 0.12136711 0.16926208 -0.80456316
VIAB 0.5996517 0.1292742 -1.529084 -1.4395483
ARNC 0.5458211 -0.18004163 -2.7736075 -1.9148165
FE -0.90899724 -2.7565863 1.0779898 -0.87950176
OXY 1.0003678 -0.8163281 -0.54725754 -0.6904887
EXPE 0.29051125 -0.47892016 -1.2584336 -1.3788528
NDAQ 0.555349 0.05504263 0.8198581 -0.55895376
USB 0.3450567 1.67457 2.0623925 -0.5344597
CINF 0.6445636 0.07771374 2.7696154 0.14170606
IPG 0.7600433 0.6292831 0.40089175 -0.6868538
WM 1.0321522 -0.20572563 2.620634 0.31464055
SWKS 0.45189464 0.26751775 -2.2894032 -1.8061678
V 0.512473 0.6477763 1.599346 -0.41931894
PHM -0.0485964 -0.39435884 -1.3352212 -1.6156719
ADSK 0.29144165 0.13569218 -1.0801436 -1.417615
D -1.0629058 -3.0515416 2.9073982 -0.3347411
SNPS 0.8903138 0.48563394 1.3867116 -0.26625624
TAP 0.43947336 -0.32804278 0.90826094 -0.5441637
BEN 0.7824553 1.2326648 0.18122719 -0.8643319
L 1.0868582 0.71301395 1.8264782 -0.04279942
MOS 0.37812728 -0.59551924 -2.0567951 -1.6753325
EBAY 0.50414634 0.31008008 -0.5987473 -1.1413641
SYY 0.3345312 -0.75415534 2.4539843 -0.019567829
RE 0.41305304 0.30494255 1.571656 -0.40257183
CNP -0.5093631 -1.6273129 1.9404866 -0.5264486
MRK 0.5597819 -0.1467863 1.1319412 -0.41902724
XYL 0.9657007 0.5660291 0.45536295 -0.54030156
ROK 0.39551473 0.82725716 0.76156646 -0.8026339
WHR -0.071488544 -0.27011788 -0.60337806 -1.3665376
MMM 0.9990753 0.62191427 2.970738 0.29720515
PBCT 0.50418293 1.6623421 1.1046954 -0.74708545
HOG 0.30711105 0.37696746 -0.40099266 -1.1999493
XEL -1.7054235 -3.3683736 3.4160366 -0.5254282
DOV 1.1203072 0.6303583 -0.32887045 -0.7466644
MLM -0.04039125 0.050706502 -1.1441865 -1.6046027
BDX 0.8407326 0.13160273 1.8876005 -0.067140386
CF 0.21604557 -1.1555246 -2.343823 -1.8282157
LUV -0.47730863 0.33818856 -1.1235577 -1.903865
CHK 0.48529795 -2.4157884 -4.7775865 -2.7081876
MON 1.1459489 -0.21285331 0.7934437 -0.20426618
EXPD 0.80915445 0.06551229 1.0917625 -0.33924258
VRTX -0.07675585 -0.160955 -3.2104056 -2.4419885
CME 0.27485868 0.66542464 0.6083629 -0.87074465
GIS 0.7345904 -1.0784702 2.506297 0.26306683
ADP 1.0432419 0.4580888 2.279689 0.10953643
HCN -0.45930913 -2.605326 1.7698914 -0.43838674
HON 0.96361595 1.0564148 2.3179123 -0.010059826
AVY 0.7373745 0.25992867 1.2069105 -0.35324946
BK 0.30888903 2.0325727 1.0326406 -0.95638883
FITB 0.34833786 2.6099863 -0.17112069 -1.4738468
TROW 0.8351908 1.0990264 1.5283946 -0.34015498
CI 0.5496881 -0.12273431 -0.281379 -0.9265036
APC 1.2885134 -1.9430506 -2.672079 -1.2727104
SHW 0.7502676 0.038106367 1.1259651 -0.35856068
AMD 0.03555688 -0.5803382 -4.0952063 -2.711145
WBA 0.45119682 -0.12642743 0.47514197 -0.70992225
CAG 0.21447988 -0.5434991 2.024107 -0.25310764
MAA -0.2708958 -2.366944 1.7012634 -0.36280063
WMT 0.5410379 -0.16871253 1.864987 -0.17610915
TJX 0.41653886 -0.12762064 0.765709 -0.620848
COST 0.78815496 -0.31731474 2.3230002 0.12023587
LNC 0.43923986 2.0055337 -0.40564668 -1.3766936
ACN 1.2937576 0.41103807 1.7597611 0.077724144
JNJ 0.7187168 -0.30772343 2.5545552 0.15762803
AMP 0.57511145 1.5232239 0.2566327 -0.977023
SCG -1.2444465 -3.4873812 2.358431 -0.5816604
TRIP 0.23841959 -0.06862059 -2.5418112 -1.9687619
SNI 0.27657968 -0.24194849 0.053984635 -0.9356301
ROST 0.8393549 -0.28167003 0.05087262 -0.63667125
WMB 0.49710026 -1.0923709 -2.1528056 -1.6082203
NTAP 0.73842746 0.27944815 -0.7828321 -1.0835376
ANTM 0.53873956 -0.06667386 0.13134469 -0.79684347
LH 0.8975014 0.14692228 1.474969 -0.17051755
VRSK 0.7707766 0.3274303 1.7262365 -0.19815718
ZION 0.18183509 2.49515 -0.98030764 -1.8139633
FL 0.09227777 -0.027858345 -0.5259694 -1.2956872
CTL 0.19850111 -1.2719356 -0.22549762 -0.9514361
RL 0.44174823 -0.6597538 -0.5388109 -1.0063466
FISV 0.7261485 0.52362746 2.2718513 -0.05354199
INTC 0.95556885 0.42020273 0.58004546 -0.49769217
CHTR 0.030390048 -0.4031533 -0.6495699 -1.3196219
WYN 0.31681126 0.41293404 0.4499281 -0.87543315
AWK -0.59975505 -2.582061 2.8080597 -0.16241156
XRAY 0.8382332 0.22933064 1.2102212 -0.30438176
TPR 0.003334449 -0.38625264 -0.4244597 -1.2474041
TGT 0.47161233 -0.46482676 0.15249261 -0.7679906
KR 0.3761754 -0.48478854 0.33899325 -0.7468742
GGP -0.28245646 -2.1310797 0.9550125 -0.6664509
GPC 0.9538546 0.55750287 1.3328712 -0.24484277
MCD 0.85774803 -0.37867495 2.665463 0.2572783
CMA 0.74765295 2.276888 -0.5193678 -1.3230357
DIS 0.7162539 0.5391685 1.266103 -0.40427628
COL 0.8351269 0.19766158 1.5477705 -0.18081044
MTB 0.29061967 1.9707301 0.9277492 -0.9969824
PH 0.90955836 1.055344 0.8444432 -0.5282278
ESS -0.0329259 -2.2198663 1.9568728 -0.21238719
BIIB 0.45886177 -0.25555846 -1.9922242 -1.6166304
LLL 0.6973691 -0.07651774 1.7391135 -0.14928395
GS 0.72691417 1.7086759 0.35151294 -0.9261046
IFF 0.55485994 0.106926255 2.0194252 -0.17547806
WFC 0.6536353 1.7184445 1.5583516 -0.52982354
EXR -0.19242771 -1.8823645 1.3128084 -0.52547866
UDR -0.046061404 -2.1324904 1.9357086 -0.22170092
MDT 0.6305018 0.30369714 1.5119554 -0.3212914
KMX 0.95211977 0.3516485 -1.0217986 -1.0656483
HCP -0.039220605 -2.4198427 1.058203 -0.46505243
MCK 0.18802534 -0.12258407 0.28251997 -0.91615844
CA 0.8367645 0.4394832 0.92158246 -0.44152257
UNP 0.5979977 0.24786812 0.51756537 -0.6667675
AME 1.4128976 1.003424 1.5989848 -0.0028224993
BAX 0.7192289 -0.068348564 1.3032237 -0.30115712
ROP 1.0459315 0.8720087 1.0381073 -0.3571763
ALXN -0.20596547 -0.31756052 -2.9809413 -2.3749342
AOS 0.44267032 0.87725747 0.89617604 -0.7272906
CHRW 0.60001695 -0.23251441 0.9268386 -0.45569018
CVX 1.1736617 -0.57800263 0.4974751 -0.248564
APA 1.1150861 -1.912783 -3.2649603 -1.6534202
JPM 0.21448188 2.1221716 1.6236748 -0.82279736
CAH 0.7903762 -0.19036578 0.53896904 -0.48851892
BLK 0.16075866 1.4229932 1.0847925 -0.8983352
PPG 0.91095406 0.41025367 1.2702934 -0.27966908
PNW -1.2937266 -3.508854 3.0123057 -0.4020806
LMT 1.0860649 -0.028521104 1.8700224 0.093252875
VRSN 0.2355281 0.13243091 0.65221757 -0.8063079
CCI 0.517049 -1.1257949 1.9235488 -0.05403572
LOW 0.770157 0.23836683 0.9867106 -0.4226731
GOOGL 0.9626562 0.5408724 0.94731534 -0.37250805
REGN 0.026933221 -0.41757128 -2.9907212 -2.2631109
EQR -0.13207735 -2.153544 1.8645937 -0.2550023
HD 0.60736823 0.6622944 1.6408567 -0.36293378
XEC 1.2716641 -1.5841899 -3.856277 -1.7993107
COG 0.5571537 -2.015444 -3.3536668 -1.953214
HBAN 0.7034424 2.460291 -0.42403778 -1.3408699
HRL 0.5764009 -0.86552656 1.5430244 -0.18220726
SRE -0.66771835 -2.2797449 2.6559198 -0.2943683
AAP 0.20560053 -0.40372846 -0.3935552 -1.1015699
NOC 0.91780573 -0.22854781 1.7708724 0.0006008517
STZ 0.54487175 -0.31904334 1.4627419 -0.2934387
MSFT 0.62035424 0.3382133 1.1599599 -0.46303093
IP 0.89247906 -0.0068567963 0.1471935 -0.61509085
PRU 0.5875891 2.139558 0.45358545 -1.0376086
KEY 0.087060824 2.2778566 -0.10154985 -1.5290837
RRC 0.88928825 -2.3848054 -4.198908 -2.1276443
XL 0.41518658 0.01688069 1.5422361 -0.38834485
PKI 0.7825774 0.3643373 1.0087233 -0.419545
FRT -0.13219273 -2.4087539 2.043019 -0.18698108
UPS 1.0719593 0.674421 1.9312207 -0.018581485
CAT 1.0216697 0.20257922 0.5094824 -0.4490449
BSX 0.20620693 -0.051321317 0.038104754 -1.0146456
TWX 1.1692548 0.12419807 0.9261271 -0.20971644
JCI 0.48283693 0.24034728 0.7811683 -0.6433709
ABC 0.5501405 -0.24715813 0.7763756 -0.5394821
DE 0.76458067 0.03700066 1.0451702 -0.37419373
REG 0.13070075 -2.68884 1.5490294 -0.17077474
MTD 0.6976946 0.33044425 0.984118 -0.46325028
GPN 0.3763319 0.12348002 0.26295602 -0.8783963
RSG 1.1956565 -0.34171474 2.2225547 0.30283803
NUE 0.6089663 0.2618269 -0.824367 -1.1614411
BXP 0.12564923 -1.7408783 1.9257637 -0.15809888
SLG 0.15794295 -1.4149082 1.395174 -0.36807108
CMI 1.2499151 0.4689966 0.07200209 -0.51724887
PFG 0.4617451 1.7335008 1.1515795 -0.77616525
ESRX 0.4382463 0.20254636 0.35779172 -0.8042034
IBM 0.7636821 0.38123202 1.843749 -0.16223912
LYB 0.73316205 0.21828297 -1.2756383 -1.2672005
PM 0.40447938 -0.7799769 2.386826 -0.0023800852
ORLY 0.59785175 -0.3104662 0.5729146 -0.5697151
TMO 0.9274867 0.8157649 1.2472011 -0.3491859
PNR 0.4728949 0.76244473 -0.061024543 -1.0320332
PX 1.0000083 0.030550329 1.1789758 -0.1980601
APD 0.5073509 0.5545769 1.4787805 -0.4528285
DISCA -0.04326322 -0.0025398897 -2.1483402 -1.989938
AON 0.8569428 0.38938898 2.5182543 0.10899257
PKG 0.601739 0.20509702 -0.43790275 -0.98999715
SYK 0.45083338 -0.23668881 1.8822522 -0.20700288
SBUX 0.5649194 0.048391264 1.0937388 -0.4486194
JBHT 0.7834748 0.45565403 0.056951284 -0.7836378
HAL 1.2020544 -0.6569994 -2.183195 -1.2765323
VTR 0.027173053 -2.625664 1.1669542 -0.3625211
PSX 0.78849846 -0.20237656 -0.6318792 -0.9195504
HBI 0.4603643 0.15655752 -0.961299 -1.2745366
EW 0.1973531 -0.25031283 -0.30885765 -1.1100049
CBS 0.22419086 -0.1008248 -0.7722759 -1.2881646
PGR 0.82333094 -0.013668883 2.6580417 0.19412962
TSCO 0.18963788 0.36881986 -0.3852389 -1.2539521
UNH 0.59953946 0.05781867 1.2342416 -0.39803293
ALGN 0.60922563 0.0061245817 -1.3660291 -1.3117343
HES 1.4097862 -1.9591564 -2.849195 -1.3003592
VMC 0.08433383 -0.17192297 -1.0871267 -1.4913349
RCL 0.21856445 0.3259632 -0.88083386 -1.3978947
MS 0.37563044 1.9961932 -0.62363225 -1.507623
AVB -0.22039138 -2.3764663 2.2255752 -0.17829247
PCLN 0.28405842 0.38910285 -0.32407117 -1.1585428
FBHS 0.054833055 0.49665672 -0.63078314 -1.4121363
SPG 0.024396164 -2.0254176 1.4940008 -0.334851
SLB 1.2874438 -0.69393456 -0.89282125 -0.68911713
DRE 0.050575864 -1.778657 1.945139 -0.19289966
TEL 1.2037516 0.8443288 1.0034041 -0.26863328
NOV 1.2541354 -1.3135417 -2.2661824 -1.2060422
URI 0.065402105 0.3764273 -2.8610985 -2.2994165
MAR 0.9023634 0.54711646 0.33427423 -0.6223105
FIS 0.8858314 0.742744 1.806196 -0.15474999
EMN 0.8999886 0.4540486 -0.58402807 -0.9355641
ZBH 0.47332957 0.35601303 1.2175984 -0.5345193
DG 0.32705742 -0.44382417 0.12294495 -0.8616511
NCLH -0.31961185 0.17592575 -1.5097308 -1.9459063
FTI 0.87978184 -0.70844316 -2.2608886 -1.460254
CSX 0.77928877 0.47953892 -0.3894582 -0.94146
MA 0.90275735 0.18945365 1.346696 -0.22236615
ISRG 0.59979224 0.247151 -0.14298815 -0.9167542
DISH 0.49448818 -0.40273678 -1.284598 -1.3037906
VNO 0.20648497 -1.8764274 1.7255064 -0.17374094
WAT 1.1639556 0.5368931 1.4172611 -0.12385876
NBL 1.2992963 -1.5459422 -3.138193 -1.5013112
VLO -0.52972597 -0.3270635 -1.7116055 -2.049056
COO 0.13165683 -0.055480752 0.13354659 -1.018829
PSA -0.3978678 -1.7321622 1.8831284 -0.47704792
MRO 1.2374215 -1.8820006 -3.7565439 -1.8811399
PRGO 0.22709808 -0.41805404 -1.102356 -1.3791972
CMG 0.28062895 -0.15239382 -1.1677363 -1.4164459
AYI 0.42885825 0.24203095 -0.822971 -1.2672063
FAST 0.80222726 0.46855053 0.106217965 -0.75443363
ECL 1.0582902 0.37260592 1.7301494 -0.04250587
CB 0.87908345 0.63053966 2.810695 0.17866014
HII 0.32610026 0.3790384 0.12712725 -0.9920926
CELG 0.19481261 -0.37443748 -1.7162995 -1.6380876
STI 0.3718607 2.019636 0.5726693 -1.0995326
APH 1.0167618 0.28143182 1.7907224 -0.025209036
ITW 1.279955 0.9500002 2.3447282 0.18934417
CBG 0.16000058 -0.19851328 -0.17554013 -1.0955528
TXT 0.31444067 0.9708476 -0.5352406 -1.322738
AMGN 0.9679025 0.37584218 -0.39281258 -0.8340568
MHK 0.6140716 0.37630406 0.046894982 -0.8479043
HRB 0.0021137353 0.042648114 -0.8355115 -1.456798
XLNX 1.1023275 0.3743533 0.20167875 -0.5358296
UNM 0.4478396 1.9703665 0.8235466 -0.952445
ALK -0.80765074 0.038426705 -1.6987789 -2.2374156
ALB 0.5333777 -0.1472238 -0.52616334 -1.0367229
CDNS 0.5723248 0.6996807 0.15504205 -0.89666224
GILD 0.47055778 0.04832512 -1.1061538 -1.308985
HST 0.378285 -0.21629588 0.042836193 -0.89214337
CTXS 0.42055565 0.6121662 -0.49249238 -1.1999791
AZO 0.61287767 -0.37756982 0.48219138 -0.59224814
JWN 0.34034577 -0.2925982 -0.9590424 -1.2857698
AMAT 1.1738852 0.9106483 -0.9539436 -0.99804235
FLS 0.6570536 0.37986025 -0.9758371 -1.2185912
CERN 0.53863853 0.007803401 0.10732308 -0.8131869
CPB 0.42821154 -1.3990517 2.1150427 0.030333709
HOLX -0.05176631 0.11702663 0.057609204 -1.168058
KIM -0.101720326 -2.3161762 1.1165397 -0.4880239
OMC 0.28984788 0.13485415 1.8392911 -0.3847407
SYMC 0.32098415 -0.18010694 -0.12405284 -0.9910105
WDC 0.12311292 0.122773945 -2.356435 -2.027673
AET 0.6650136 0.20645699 -0.07246351 -0.86185837
DVN 1.33836 -1.7467842 -3.3327055 -1.6156546
UHS 0.1259441 0.038961373 -0.57051235 -1.2870755
UAL -0.6623507 0.48699948 -2.941414 -2.7238982
ATVI 0.30966765 0.06703148 -0.53920424 -1.1837159
CNC 0.037180983 0.17043391 -1.6310257 -1.7531295
AMT 0.26071993 -1.2666922 1.6184131 -0.25879192
CHD 0.6086347 -1.1836404 2.5774472 0.22628056
INCY 0.19081284 -0.5573532 -4.1103086 -2.6319706
STX 0.55891705 0.11503429 -2.1559994 -1.7195994
MAT 0.39208078 -1.1333004 -1.160304 -1.2073684
EA 0.16629481 0.089350484 -0.9420537 -1.4234798
FLIR 0.75018466 0.61181825 0.058689855 -0.8134726
BWA 0.550869 0.5413043 -1.1174356 -1.3641447
TXN 1.322184 0.79944134 0.2646363 -0.46689174
LKQ 0.3545447 0.29850337 0.16239566 -0.9495836
ADBE 0.86257666 0.30638137 0.3329178 -0.61098987
ADI 0.78418726 1.0900373 0.039150033 -0.89709413
EQIX -0.2170863 -0.7764441 0.22352058 -1.0568604
ZTS 0.46657956 -0.15288705 0.01662132 -0.87541807
MPC 0.37790138 -0.8284934 -2.731967 -1.897152
EOG 1.5680598 -1.63519 -2.5135894 -1.0615196
WYNN 0.15260926 -0.5839997 -2.302335 -1.9014224
IR 0.4675136 0.7469784 0.7118201 -0.73108184
YUM 0.60232127 0.16227685 1.3433443 -0.3732055
HAS 0.5778731 -0.28301087 0.52214414 -0.59692943
CXO 1.4037884 -1.4822581 -3.4182036 -1.5540885
SNA 0.65825796 0.5202886 1.3947872 -0.38665104
ANDV 0.20616561 -0.57429713 -3.0002623 -2.1323247
PXD 1.5144275 -1.7444427 -3.2713103 -1.3943546
MGM 0.65709233 0.14428563 -2.0575879 -1.5855446
DLTR 0.02361365 -0.21817383 -0.08691405 -1.1550261
AIV 0.33641896 -2.479611 1.5478023 -0.075184576
ORCL 0.83223104 0.26279497 1.7181964 -0.14726228
BMY 0.37590817 0.052734867 0.45617506 -0.79714704
ICE 0.32079843 0.17710084 0.9989093 -0.64950466
ES -1.0580959 -3.156598 3.0710435 -0.28019872
O -0.31793183 -2.587691 1.5573953 -0.43910584
DHR 0.99801785 0.5090339 1.7475162 -0.07665821
IQV 0.4122924 -0.23158298 -0.25352478 -0.9782974
COTY -0.04593658 -1.0562657 -1.3502018 -1.5308546
FOX 0.40133908 -0.112994224 -0.6189612 -1.1262994
FOXA 0.50950944 0.011077494 -0.35697326 -1.0044832
NWS 0.2896742 -0.117626764 -0.8983989 -1.3181355
NWSA 0.25602672 0.6260921 -0.9243878 -1.4414806
ALLE 0.76915795 0.2369686 0.5231195 -0.5691629
GOOG 1.1361428 0.72187644 0.90482545 -0.32988635
NAVI 0.019987458 0.36393353 -1.9171364 -1.9526227
INFO 0.02228311 -0.4337668 0.66967815 -0.83021873
SYF 0.109541096 0.8617917 -0.33537266 -1.3586403
CFG 0.4012321 2.0033069 -0.853028 -1.5940288
QRVO 0.07062034 -0.041736864 -2.45135 -2.0841882
WRK 0.21887173 -0.32917565 -1.5647954 -1.56572
PYPL -0.17611185 0.06465487 -0.37042853 -1.3862802
KHC 0.5697293 -0.43123093 1.3648098 -0.3050419
HPE 0.06677421 -0.19000794 -1.9143562 -1.8005285
HPQ 0.43930703 0.10376024 -0.89991885 -1.2556726
CSRA 0.17904066 -0.4575898 -0.5871981 -1.2143029
WLTW 0.48323017 0.17285408 1.6427071 -0.32413897
UA 0.23777428 -0.5280782 -2.3143468 -1.8768063
FTV 0.60563326 -0.004858833 0.42413503 -0.63672346
EVHC -0.037637647 -0.3529946 -1.3857396 -1.6606393
HLT 0.2852611 -0.09610169 0.66768163 -0.7371737
DXC 0.49953315 -0.3286874 0.39010787 -0.66186154
BHGE 0.34329733 -0.5332529 -1.397974 -1.4786257
BHF 0.5382738 -0.15448001 -0.5157515 -1.0255907
DWDP 0.42479253 -0.06407184 0.124784544 -0.88447076
APTV 0.511593 0.049603272 -0.023507131 -0.9436192
