505 4
MCO -0.14497213 -0.45860606 -1.1782019 -1.1941084
MNST 0.7040044 -1.1718557 -0.2739038 1.0556908
SPGI -0.15832463 -0.7564409 -1.0549943 -0.7916976
JNPR 0.15273167 0.06270101 -1.2982441 0.67202145
AAL -0.111223616 -0.26622483 -1.7613115 3.5104482
BBY 0.20442484 0.3013028 -1.553398 2.2426448
INTU 0.16511121 -0.7142397 -0.76592964 -1.3355291
SRCL 0.9669707 -0.74492085 -0.06999674 -0.92875856
SCHW -0.94171333 0.94926775 -2.709878 0.40177104
MCHP 0.021287804 0.01140256 -1.3551135 0.26517147
FLR 0.40262496 0.8820094 -1.4360982 0.03958756
CL 1.1262455 -1.6908816 0.58837163 -2.6299028
ILMN 0.09990544 -0.731362 -1.2651756 2.8239844
PVH 0.6459007 -0.010788449 -0.899879 1.3521856
FB 0.11047956 -0.9902983 -0.95081156 1.6079109
M 0.9055091 0.18879916 -0.8262849 1.5140728
IRM 1.1311256 -1.0932224 0.085067265 0.6966157
VAR 0.22918288 -1.3790289 -0.42009035 -1.104724
DAL -0.6820117 -0.8059112 -1.8564488 2.4306407
BA 0.10156161 -0.7916588 -0.81356543 -0.9917881
IT 0.24806738 -0.7059204 -0.7247181 -0.8554608
BAC -0.6932489 1.3084211 -2.5826046 -0.7370119
EXC 2.5848715 -1.0531882 1.3485934 0.39954847
ETR 3.17658 -1.1005899 1.9652159 -0.68379676
XRX 0.015330983 0.2740124 -1.5098585 0.43086758
LEN 0.069250196 -0.62499124 -1.19872 1.9938464
LB 0.8363945 0.13637696 -0.8568176 1.6442218
KLAC 0.20250933 -0.90362304 -0.7719747 0.23001505
PWR 0.3550442 0.7927178 -1.4708126 0.56299025
RJF -0.8124407 0.7115582 -2.3784218 -1.0667748
HUM 0.29867136 -0.71122104 -0.84302634 0.82734704
C -0.4404923 1.0491427 -2.1838973 -1.3592436
VFC 0.5833735 -0.26288956 -0.6785745 -0.409202
EL 0.76052386 -0.65480006 -0.2466951 -1.7558371
GLW 0.20766455 -0.0049370416 -1.1128557 -0.7323365
DHI 0.026772529 -0.6970192 -1.2260551 2.1158478
NEM 1.3925153 0.41667497 -0.7386104 3.058171
AEE 3.1359382 -1.1628482 1.9241747 -0.84832
RMD 0.49662566 -0.7886296 -0.5589197 0.28313053
PG 1.061952 -1.3030739 0.38029456 -2.7125893
RHT -0.31684247 -0.96346253 -1.23472 0.40256453
RHI 0.17362866 -0.31988078 -1.0512205 -0.110185325
MAS 0.34464246 -0.5376448 -0.8367089 0.6854973
EFX 0.100617826 -1.0034193 -0.69727266 -1.2604126
DPS 0.9997966 -2.0098236 0.56773573 -1.5086764
IVZ -0.5280563 0.6005772 -2.0556593 -0.50449574
KSU 0.37040126 0.14019008 -1.1229534 0.41856903
AES 1.9056909 0.25625744 0.09766366 0.73776484
NFLX 0.20228651 -0.047073517 -1.4733535 2.6663241
AXP 0.12652622 -0.12594189 -1.0485657 -1.6908003
SIG 0.6321618 0.3170526 -1.1473601 1.7283183
MU 0.03697419 0.5842791 -2.1603777 4.0070634
TDG 0.40362802 -0.77323955 -0.629078 -0.09399057
RF -0.64561653 1.8399736 -2.8483932 -0.07701681
HIG 0.025521744 -0.16429651 -1.1142166 -1.711314
FDX 0.42877713 -0.1639029 -0.8031915 -1.1294961
VZ 0.8942902 -0.7677018 -0.06112059 -1.5064338
IDXX 0.35997474 -1.5826697 -0.3204281 0.3510366
PNC -0.38117573 0.8661025 -1.9658632 -2.0315802
T 1.1957893 -0.7612856 0.18279593 -1.7388865
LUK 0.19990234 1.0419217 -1.6596725 -0.21783549
ABBV 0.18017414 -1.1673274 -0.74910337 1.0102421
TRV 0.8375669 -0.5255134 -0.19279635 -2.4598172
DVA 0.71892655 -0.93514216 -0.22510932 -0.56766355
KMI 1.6126053 0.6754716 -0.38533825 0.9535489
CTSH -0.036266036 -0.5836189 -1.0930121 -0.057252698
CRM -0.27373275 -0.93486387 -1.2478182 1.018934
FCX 1.8712326 2.0837486 -1.375968 3.810276
ADM 0.73244977 -0.16418637 -0.60223335 -0.28530565
PFE 0.70296514 -0.92579204 -0.21630937 -0.7421561
CTAS 0.09409536 -0.8020764 -0.74175787 -1.8818668
AMG -0.18324634 0.44252318 -1.7533005 0.2569066
EQT 1.6891996 1.4025745 -0.80793834 2.236751
CCL 0.1593985 -0.5292894 -0.94310164 -0.22323003
DGX 0.70788866 -0.8494348 -0.24780165 -0.8915734
AKAM -0.08279965 -0.47953895 -1.3071054 1.1823344
NEE 3.1071389 -1.3745232 2.0193944 -1.381355
GT 0.037773803 -0.13448052 -1.402793 1.413689
PEP 1.1283057 -1.6639419 0.57950974 -2.691809
GPS 0.8800446 0.5088659 -1.0244576 1.6715425
HCA 0.33848268 -0.41377857 -0.9818679 1.0854033
KO 1.1001556 -1.2298176 0.3302014 -2.0339026
NFX 2.0897515 2.4213161 -1.3048431 3.610611
COF -0.28275463 0.8629971 -1.9291582 -1.0301925
PDCO 0.2820392 -0.97487986 -0.62219566 -0.2245855
BF.B 1.0109 -0.96417606 0.0925413 -1.172361
LEG 0.5861466 -0.83641607 -0.36541736 -0.8504247
MET -0.43917346 1.0392061 -2.1822736 -1.0969799
SWK 0.07203855 -0.28474158 -1.0315855 -1.9108424
NLSN 0.4210426 -0.3992877 -0.73889303 -0.3006913
HRS 0.32341516 -0.2132837 -0.872371 -1.0646696
MDLZ 1.0454903 -1.0707796 0.13147406 -0.66118187
ARE 1.6488123 -1.632213 0.87999 -0.3817297
PEG 3.090872 -0.76564246 1.7036847 -0.7112977
HP 2.1609957 2.851359 -1.2675961 2.8553095
CMS 3.8754697 -1.146194 2.545337 -1.2050102
DRI 0.63654244 -0.62599605 -0.4982736 0.0441576
MYL 0.49361286 -0.00980602 -1.1976203 2.4864285
SO 2.982457 -1.5271788 2.0368814 -1.9057151
KMB 0.97931176 -1.5920755 0.400434 -1.8206301
AJG 0.23914832 -0.7729815 -0.60570323 -2.4767206
GRMN 0.43445942 0.10521416 -1.0494858 0.5280928
DFS -0.285045 0.14732729 -1.5917063 -1.1884091
BBT -0.14864609 0.6971908 -1.6939102 -2.0471907
CLX 1.3783053 -1.7029355 0.77872086 -1.9434727
PAYX 0.548365 -1.1974607 -0.17656605 -1.7818213
AFL 0.2679118 -0.39195186 -0.7579244 -2.326773
ETN 0.19262367 0.28077835 -1.247806 -1.0060718
MKC 1.1244768 -1.1605878 0.33664834 -2.2868335
CSCO 0.36849082 -0.23627234 -0.8159916 -1.1303086
NRG 2.2994437 1.0897769 -0.29391852 2.9469602
ANSS 0.066184774 -0.96371925 -0.78319865 -0.62391126
UAA 0.2527529 0.241614 -1.5242137 2.6163366
NI 2.8010867 -0.8874394 1.5341974 -0.72578293
KORS 0.36470756 0.0836916 -1.3141625 2.1520867
K 1.6721666 -1.2949721 0.8466159 -1.6611996
TIF 0.28216568 0.043689974 -1.1417211 0.1622928
UTX 0.19326264 -0.7078941 -0.69822073 -2.1918874
BRK.B 0.43938676 -0.547197 -0.51495 -2.8827248
DLR 1.7899462 -1.2913418 0.7321263 0.8023046
F 0.09947993 0.34994614 -1.3991741 -0.42948493
GE 0.25371063 -0.22305612 -0.89858294 -1.4686189
NVDA 0.379943 -0.025503803 -1.2162088 1.869744
NWL 0.51646477 -0.042527746 -0.848286 -0.16782455
EMR 0.56152976 0.31931317 -0.92634445 -1.1431873
A -0.18930925 -0.68103755 -1.1607565 -0.21590148
AIZ 0.44004333 0.07321291 -0.8635166 -1.6266916
PPL 3.4696257 -1.2385657 2.246512 -1.0314237
NKE 0.27957812 -0.6779634 -0.7292128 -0.51333165
JEC 0.1242882 0.4509215 -1.4733045 0.14820665
AEP 3.30267 -1.5695862 2.2686548 -1.2418245
DTE 3.6935377 -1.1021603 2.3905482 -1.7615038
SEE 0.44506028 -0.2850582 -0.8192706 0.20530428
ED 3.6355388 -1.6120021 2.540191 -1.1251879
ABT 0.1296638 -1.1131217 -0.6356736 -1.0209728
WY 0.9084681 -0.6370098 -0.26716638 0.2558833
HSIC 0.120411344 -1.3375049 -0.521883 -1.0858972
WU -0.21533847 -0.57966727 -1.2256788 -0.49930024
PCG 3.0410662 -1.1818371 1.8753659 -0.96725315
RTN 0.36982414 -1.0175081 -0.43473983 -1.5429916
QCOM 0.03280754 -0.29015082 -1.1504889 -0.59773964
AIG 0.09915216 0.072996676 -1.1894664 -1.5051717
FFIV 0.04688998 -0.20325309 -1.2774439 0.8227087
COP 2.0597043 2.1088932 -0.69749135 0.7621848
KSS 0.75866467 0.23508725 -1.0275089 1.9583267
GM 0.15986238 0.26328957 -1.3542836 0.2451436
DISCK 0.57496417 0.4976313 -1.2852324 1.8830888
AVGO -0.019209642 -0.3997949 -1.3730123 1.8076127
NTRS -0.4025965 0.7653037 -1.9733143 -1.769677
GD 0.16050749 -0.43989053 -0.8342674 -2.2061355
XOM 1.2707968 0.55839306 -0.37069 -1.6162226
HSY 1.2586254 -1.3521249 0.5018297 -1.4739988
ADS -0.3758963 -0.20670426 -1.6304314 0.33612671
SJM 1.2971476 -0.86051774 0.33165357 -1.9785686
MMC 0.54045016 -0.38202634 -0.46883807 -3.1508803
OKE 2.074686 1.2602701 -0.4242707 2.1365063
LLY 0.67425174 -0.9113147 -0.26695606 -0.766472
PLD 1.5580535 -1.3983783 0.69809777 -0.30331805
CMCSA 0.7218917 -0.684734 -0.3246306 -0.7942709
CVS 1.0064217 -0.8590062 0.015778186 -1.0896872
MSI 0.0014235211 -0.7486639 -0.8925617 -1.3125188
TSS -0.049418382 -0.9268959 -0.881893 -1.0628369
DUK 3.588958 -1.415252 2.4423177 -1.0767037
WEC 3.509788 -1.887605 2.548202 -1.1184883
ULTA 0.38241687 -0.630464 -0.8646652 1.6387837
ETFC -1.1390066 1.0276563 -2.9830244 0.96659076
FMC 0.60921127 0.58087176 -1.0814056 0.16001682
PCAR 0.041085508 0.2895734 -1.3831396 -0.87452215
MAC 1.9822345 -1.3850911 1.0028276 0.21856984
TMK -0.106005006 -0.4043863 -1.0631155 -2.858029
BLL 0.96588767 -0.704831 -0.076236516 -1.1090242
GWW 0.08304182 -0.05108226 -1.238238 -0.17041044
ALL 0.5094077 -0.9079873 -0.30661386 -2.376683
MO 1.4034959 -1.4514831 0.68801916 -1.699091
CBOE -0.059446506 -0.7930104 -1.0119193 -0.21215466
AAPL 0.3827697 -0.5570292 -0.7428724 0.07179452
EIX 3.351123 -1.3567699 2.172343 -0.7013977
AMZN 0.09142096 -1.0585992 -0.8396038 0.8340544
TSN 0.96021414 -0.6976736 -0.1977147 0.27477205
LRCX -0.19124712 -0.121430114 -1.5801607 1.0994444
STT -0.5927376 0.50058323 -2.0249848 -1.6052251
LNT 3.569851 -1.3146247 2.3438995 -1.0293661
SBAC 0.7727491 -0.53578216 -0.41288602 0.060207654
AGN 0.24408908 -0.7372833 -1.0099596 2.0232265
NSC 0.55079234 0.3607946 -1.0121847 -0.3217874
VIAB 0.38113275 0.6635892 -1.5194073 1.3975531
ARNC 0.766361 1.2899777 -1.626852 2.5212014
FE 2.8618777 -0.5559082 1.3735698 0.26069772
OXY 1.3190066 0.90621144 -0.64387673 0.17360769
EXPE 0.48843268 -0.39221135 -0.8978376 1.6715742
NDAQ 0.48056033 -0.6467302 -0.5707285 -0.4913562
USB -0.07502302 -0.11738446 -1.2021227 -2.371006
CINF 0.66069764 -1.0637035 -0.085268654 -2.462589
IPG -0.05251001 -0.38251418 -1.1647618 -0.6277076
WM 0.7790976 -1.2240133 0.05720121 -2.3451128
SWKS -0.111593306 0.08645893 -1.74882 2.2740521
V 0.0129432175 -1.1461321 -0.70210034 -1.4166844
PHM 0.42381358 -0.41347864 -0.9754863 1.8628857
ADSK 0.032981213 -0.13832225 -1.4086065 1.3700824
D 3.390104 -1.2910477 2.234727 -1.1576515
SNPS 0.09249666 -0.97012293 -0.701505 -1.5806391
TAP 0.96524864 -0.42755756 -0.23941287 -0.6871059
BEN -0.31312087 0.38588092 -1.7855753 -0.6069858
L 0.3725697 -0.09160155 -0.81898874 -2.141232
MOS 1.2197058 1.2748091 -1.1595918 1.9547701
EBAY 0.104886144 -0.19348346 -1.2352306 0.70063984
SYY 1.272607 -1.1329494 0.42803514 -1.8607543
RE 0.47104618 -0.57600075 -0.52459 -1.4642915
CNP 2.2745945 -0.428425 0.9103415 -1.0521951
MRK 0.22816439 -1.0073301 -0.60219026 -0.84831697
XYL 0.17400408 -0.21897666 -1.0229237 -0.64882886
ROK 0.103463635 0.2323387 -1.2942992 -1.0538319
WHR 0.6325892 -0.26744598 -0.7774691 1.1805205
MMM 0.304746 -1.149245 -0.35331923 -2.8370314
PBCT 0.17484394 0.8253514 -1.4547665 -1.6589214
HOG 0.3877519 0.028005283 -1.0837028 0.472307
XEL 3.6781588 -1.643869 2.602313 -1.3826241
DOV 0.21593323 0.96386254 -1.5895996 -0.37461305
MLM 0.55720305 0.5588924 -1.253269 1.2755228
BDX 0.2213127 -1.4798084 -0.36209455 -1.4356029
CF 1.4516487 1.4230205 -1.1615063 2.7301524
LUV 0.035460323 -0.21473607 -1.4079369 1.5943002
CHK 2.2979026 2.6120121 -1.5716149 4.864308
MON 0.56042 -0.380866 -0.5881039 -0.82475144
EXPD 0.60846263 -0.3360929 -0.56275517 -1.162325
VRTX 0.02754774 -0.046728406 -1.8260149 3.8590481
CME 0.23784284 0.055163387 -1.0869566 -0.7093205
GIS 1.4045082 -1.277323 0.62251747 -1.9845546
ADP 0.13722062 -1.1860421 -0.5288347 -2.21914
HCN 2.18582 -2.0546443 1.486923 -0.13552867
HON 0.024135934 -0.78474355 -0.78683525 -2.620164
AVY 0.30818316 -0.559068 -0.7070349 -1.1721119
BK -0.60023373 0.4914907 -2.0251355 -1.4415228
FITB -0.65006596 1.3551201 -2.5622869 -0.778396
TROW -0.14975141 0.04965014 -1.3819987 -1.750042
CI 0.22412734 -0.67371607 -0.8999395 0.78185606
APC 2.3809938 2.4348192 -0.7845655 2.0762384
SHW 0.59319204 -0.93833953 -0.33904734 -0.68888897
AMD 0.5869138 0.6094651 -1.7628609 4.479712
WBA 0.34049147 -0.7782239 -0.6651326 -0.17172903
CAG 1.0382835 -1.1035628 0.17956111 -1.3050724
MAA 1.9245209 -1.9475195 1.242605 -0.09157606
WMT 0.82995266 -1.0236152 -0.031209165 -1.2698929
TJX 0.5355039 -0.8078593 -0.4499644 -0.4028742
COST 0.7090797 -1.361161 0.038276646 -1.7575899
LNC -0.54837763 1.1519324 -2.3653936 -0.45178914
ACN 0.22850667 -0.4749111 -0.78280056 -2.1629825
JNJ 0.74301124 -1.3856392 0.101391256 -2.1719017
AMP -0.07217963 0.97292733 -1.8038193 -0.94576466
SCG 3.6308153 -1.3674072 2.396902 -0.42963022
TRIP 0.19313681 0.23463273 -1.6108826 2.8386893
SNI 0.66757077 0.37772712 -0.93192405 0.011785715
ROST 0.70280445 -0.1451855 -0.67024076 0.08812259
WMB 1.5993093 1.328423 -0.9245445 2.2332795
NTAP 0.11143042 0.26171562 -1.4397597 0.541773
ANTM 0.3268147 -0.7901831 -0.70798266 0.25653797
LH 0.20488207 -1.2530793 -0.49338484 -1.1704831
VRSK 0.20899029 -1.1722405 -0.52342355 -1.4169788
ZION -0.64030457 1.7667785 -2.7968354 -0.08537953
FL 0.5876371 -0.35073835 -0.77990466 1.0253177
CTL 1.5086087 -0.16953628 -0.024097461 0.7481928
RL 0.89022285 0.083704256 -0.673393 0.72675204
FISV 0.2833323 -1.1317718 -0.42193142 -2.0251946
INTC 0.13709448 -0.77352625 -0.8280609 -0.49528432
CHTR 0.74559665 -0.5092012 -0.563076 1.0315765
WYN 0.27000073 -0.31442812 -0.92356694 -0.37916142
AWK 3.0810177 -1.0683192 1.9047767 -1.4133132
XRAY 0.32535997 -0.7967158 -0.6031706 -0.9977938
TPR 0.7946719 -0.088011704 -0.69708943 0.94355756
TGT 0.7152813 -0.76584494 -0.38935384 0.35043812
KR 0.84983045 -0.37796536 -0.45292023 0.41700527
GGP 2.0026684 -1.4988109 1.0465865 0.45934722
GPC 0.46787468 -0.31849146 -0.6611209 -1.4051561
MCD 0.7886812 -1.3602629 0.10612211 -2.139613
CMA -0.65177166 1.5147177 -2.6785285 -0.38502055
DIS 0.29008597 -0.4146046 -0.7890603 -1.3997085
COL 0.4800422 -0.66303784 -0.4738976 -1.6621141
MTB -0.1018342 1.0204612 -1.8259946 -1.595527
PH 0.18260847 0.5646508 -1.3646902 -1.271004
ESS 1.6919539 -2.3721328 1.1828877 -0.14156902
BIIB -0.11077515 -0.80122983 -1.3620148 2.393235
LLL 0.6002243 -0.8131259 -0.30764663 -1.5562481
GS -0.36869243 0.9783848 -2.0887735 -1.158061
IFF 0.31038752 -1.3594152 -0.3255825 -1.5992959
WFC -0.28239486 0.109690614 -1.4958599 -2.2534397
EXR 1.6888697 -1.9251078 0.9966554 0.18644106
UDR 1.8902439 -1.9732403 1.2130357 -0.38654003
MDT 0.277651 -1.2347215 -0.4239322 -1.2243353
KMX 0.21104015 0.58245325 -1.5274701 0.7667794
HCP 2.0117567 -1.7043649 1.1223714 0.64477557
MCK 0.3547723 -0.8090312 -0.6612188 0.16448556
CA -0.090534106 -0.96597344 -0.90686804 -0.9262858
UNP 0.41930154 -0.07382759 -0.87196976 -0.6499606
AME -0.1548867 -0.6211023 -1.0570042 -1.9846966
BAX 0.66912323 -1.0501983 -0.19326101 -1.013505
ROP 0.23330174 0.0053541535 -1.0250288 -1.5279645
ALXN 0.055492662 -0.26892462 -1.6517984 3.7208204
AOS -0.21396951 -0.43690982 -1.2728865 -0.7848747
CHRW 0.8569877 -0.4026251 -0.34409022 -0.6349403
CVX 1.5854312 1.1633455 -0.42847255 -0.9708746
APA 2.2797704 2.5120468 -1.0212878 2.561134
JPM -0.4368631 0.2573941 -1.7277474 -2.0847628
CAH 0.33807027 -0.9979202 -0.5580318 -0.19051771
BLK -0.2372663 -0.15087041 -1.3864105 -1.2731715
PPG 0.16335139 -0.4271531 -0.90850997 -1.278591
PNW 3.7221737 -1.2004117 2.4565911 -1.3385005
LMT 0.51902235 -1.1595052 -0.21257806 -1.7889364
VRSN 0.28259426 -0.8723976 -0.6731724 -0.11304664
CCI 1.2696804 -0.9666574 0.29174072 -1.1327689
LOW 0.155247 -0.77552223 -0.8120108 -0.37941116
GOOGL -0.19738774 -1.2677189 -0.8782287 -0.6714331
REGN 0.009123387 -0.38708624 -1.6821027 3.8626719
EQR 1.8695393 -1.7575307 1.1535144 -0.58516586
HD 0.02657144 -1.0730203 -0.71916455 -1.5601418
XEC 1.9900583 2.5722926 -1.3331724 3.1764832
COG 2.2530744 1.8844054 -0.79313487 3.2866795
HBAN -0.59053963 1.7174034 -2.6881394 -0.7168488
HRL 1.2085416 -1.1453424 0.31388363 -0.96139055
SRE 2.4695156 -1.2907294 1.4943203 -1.4764354
AAP 0.92748636 -0.07128438 -0.5301948 0.5655687
NOC 0.47457385 -1.0055135 -0.32322252 -1.6985031
STZ 0.5416506 -1.3528899 -0.16593595 -0.9085841
MSFT 0.12394613 -0.77992356 -0.80124706 -1.0206256
IP 0.41075534 0.2251609 -1.0599959 -0.4026599
PRU -0.45953673 0.931276 -2.1266727 -1.3871248
KEY -0.59009564 1.4266993 -2.5454547 -0.73307234
RRC 2.410035 2.0537019 -0.9244403 4.109798
XL 0.6161914 -0.54993105 -0.42931408 -1.5088156
PKI 0.107011594 -0.80705523 -0.78240067 -1.0351694
FRT 2.2503543 -1.7401644 1.4247859 -0.3920929
UPS 0.2127814 -0.7396568 -0.67044216 -2.129345
CAT 0.5464079 0.42130142 -0.99455756 -0.82985705
BSX -0.18187442 -1.4772599 -0.8820311 0.6039083
TWX 0.32773536 -0.37364185 -0.79315335 -1.0288154
JCI 0.58195764 -0.042277273 -0.7418695 -0.8506121
ABC 0.5311291 -0.907039 -0.425287 -0.37666157
DE 0.71739984 0.14950302 -0.6691036 -1.4838029
REG 2.1837108 -1.7350161 1.3588858 -0.20447923
MTD 0.042149905 -0.9529165 -0.78179693 -0.8789873
GPN 0.20841178 -0.89934087 -0.7689362 0.119339645
RSG 0.72091705 -1.0127754 -0.099198624 -1.9843469
NUE 0.4015772 0.5814479 -1.3342475 0.64024216
BXP 1.6184458 -1.5585219 0.84913546 -0.7220318
SLG 1.4336704 -1.2488173 0.51236176 -0.21783002
CMI 0.46347517 0.8147732 -1.263539 -0.7438972
PFG -0.20468843 0.5545506 -1.6760261 -1.7446274
ESRX 0.22620909 -0.79659426 -0.7754965 0.09243523
IBM 0.34424675 -0.8069595 -0.5397648 -1.7265434
LYB 0.6049059 1.3182708 -1.5496215 0.7920355
PM 1.2402354 -1.5722321 0.58576465 -1.6911253
ORLY 0.5552976 -0.42648768 -0.632912 -0.21802564
TMO -0.20050453 -0.86777127 -1.041277 -1.2071685
PNR 0.4826983 0.7416287 -1.2564914 -0.22842664
PX 0.8385821 -0.11699365 -0.43273786 -1.5666656
APD 0.11036814 -0.67203325 -0.8459089 -1.2995449
DISCA 0.5291286 0.7607583 -1.5000343 2.2348304
AON 0.47365314 -1.0630486 -0.26326805 -2.4737968
PKG 0.399536 0.22608368 -1.0973912 0.1364299
SYK 0.4177011 -1.5176727 -0.1501303 -1.4505769
SBUX 0.28930095 -1.0893631 -0.5131891 -0.61356056
JBHT 0.2213503 -0.16990533 -1.072826 -0.17280173
HAL 1.566011 2.0998485 -1.2180614 1.3947024
VTR 2.1015 -1.8809795 1.2842312 0.61788374
PSX 0.7967051 0.77422535 -1.0726964 0.627045
HBI -0.009186504 -0.18075341 -1.3814763 1.069647
EW 0.26759574 -1.0139743 -0.7378253 1.0447655
CBS 0.35114342 0.14605574 -1.2050493 1.0712605
PGR 0.67239755 -1.2321128 -0.029941978 -2.3227355
TSCO 0.23434532 0.084966734 -1.2455237 0.54316294
UNH 0.2796074 -1.1258584 -0.5089873 -0.77922964
ALGN -0.024870725 -0.43871772 -1.3413085 1.7516941
HES 2.2319467 2.5540273 -1.0337424 2.337809
VMC 0.6091485 0.28473997 -1.0879936 1.2442935
RCL 0.03937368 -0.21203615 -1.3397658 1.2607428
MS -0.5326094 1.2336808 -2.4228 -0.287595
AVB 1.9122989 -2.2294538 1.3558089 -0.37088314
PCLN -0.20519577 -0.5636297 -1.2967079 0.45154554
FBHS -0.11066429 -0.31287378 -1.3816876 0.97201926
SPG 1.8181095 -1.8355949 1.0840194 -0.1275475
SLB 1.409487 1.4118137 -0.81984794 0.1380991
DRE 1.6615496 -1.888712 1.0201173 -0.62023944
TEL -0.09146654 -0.25898817 -1.1870515 -1.3710064
NOV 1.6638544 1.7458618 -1.0310719 2.0037732
URI 0.17822033 1.3330488 -2.188532 2.6023512
MAR 0.094547234 -0.50383687 -1.0058018 -0.24216214
FIS 0.03424732 -0.89403397 -0.7570359 -1.8113384
EMN 0.25678378 0.7193267 -1.4811532 0.22882669
ZBH -0.04659107 -1.1365827 -0.7959567 -1.0414548
DG 0.9686483 -0.14059073 -0.45060834 0.20110436
NCLH 0.014286648 -0.12043741 -1.5274969 1.9481977
FTI 1.6095952 2.033975 -1.1684526 1.7067229
CSX 0.19827229 0.51200163 -1.4187658 -0.011129697
MA 0.1562723 -0.95670116 -0.68331593 -1.0194211
ISRG -0.1813109 -1.004117 -1.0998094 0.5555494
DISH 0.695961 -0.047175024 -0.8862822 1.5682025
VNO 1.5094296 -1.8915197 0.8784782 -0.5080724
WAT -0.21341795 -0.9490138 -1.0252587 -1.0898882
NBL 1.8875018 2.3329685 -1.2033802 2.4471445
VLO 0.68057084 0.34066018 -1.1772083 2.3130875
COO 0.246341 -1.0387276 -0.67111593 0.31767553
PSA 1.6901939 -1.7995844 0.9844779 -0.5745243
MRO 2.3825514 2.9975812 -1.3874993 3.1481109
PRGO 0.52896315 -0.42365843 -0.8597006 1.663288
CMG 0.46057624 -0.092065744 -1.073855 1.5487081
AYI 0.14866662 0.13516451 -1.4120164 1.068616
FAST 0.29269075 0.077046685 -1.1227854 -0.14490634
ECL 0.5472184 -0.5283313 -0.4959521 -1.7163144
CB 0.4569871 -0.66796786 -0.4289667 -3.020883
HII 0.27514845 -0.1426036 -1.0497912 -0.011617246
CELG 0.06506149 -0.83751607 -1.1720957 2.3463852
STI -0.37135628 1.2454143 -2.214746 -1.4469509
APH 0.3480403 -0.8427989 -0.5170955 -1.7615218
ITW 0.16469517 -0.54226536 -0.7674666 -2.6778917
CBG 0.5359798 -0.22333804 -0.8207765 0.5574008
TXT -0.2947648 0.39339054 -1.8162401 0.115738295
AMGN -0.1307647 -0.8192768 -1.1344649 0.41592115
MHK -0.053756353 -0.5285558 -1.1517711 0.13502924
HRB 0.23241948 -0.33682302 -1.1110703 1.2951301
XLNX -0.06682135 -0.5248607 -1.1411705 -0.26000038
UNM -0.4610351 0.553317 -1.931779 -1.5431287
ALK -0.03943955 -0.5783109 -1.3963488 2.5232198
ALB 0.59826237 0.36142117 -1.0523643 0.48148397
CDNS -0.4811842 -0.73541033 -1.4602536 0.12373222
GILD 0.11495715 -0.5326135 -1.1456244 1.3893855
HST 0.8498874 0.11745161 -0.66730845 0.15965888
CTXS -0.38249746 -0.74312484 -1.4282486 0.7750176
AZO 0.5933037 -0.7606271 -0.472549 -0.010776883
JWN 0.77138346 0.13753422 -0.8623676 1.0745274
AMAT -0.150137 0.085106045 -1.5898143 0.65105534
FLS 0.61646783 1.3175056 -1.518428 0.5944889
CERN -0.061073575 -1.1624954 -0.88606906 0.29016268
CPB 1.5783404 -1.1226095 0.6613059 -1.1198993
HOLX 0.08500755 -0.8526187 -0.919898 0.4671409
KIM 2.252159 -1.1607232 1.1488106 0.014418643
OMC 0.45174176 -0.9523602 -0.409716 -1.3527607
SYMC 0.6200908 -0.15799493 -0.78025544 0.5652079
WDC 0.37933606 0.8463923 -1.69043 2.082759
AET 0.1484181 -0.6823392 -0.93995696 0.20520379
DVN 2.171019 2.628004 -1.2229615 2.5347495
UHS 0.36897707 -0.49176803 -0.8729313 0.9206162
UAL -0.2996188 -0.27111337 -1.9070355 3.4197905
ATVI 0.01412179 -0.59968793 -1.1567845 0.9625667
CNC 0.15557022 -0.387113 -1.2569488 2.1451278
AMT 1.1773957 -1.4126471 0.4001721 -0.73003864
CHD 1.3362584 -1.6403329 0.7192936 -2.022505
INCY 0.27355108 -0.21567026 -1.7313046 4.9577928
STX 0.089521244 0.77671957 -1.908811 1.9555978
MAT 1.3223815 0.5171731 -0.5566803 1.2000759
EA -0.043876212 -0.98466474 -1.092263 1.4468347
FLIR 0.18863986 -0.03153006 -1.1639926 -0.034887325
BWA 0.2948889 0.6723426 -1.526347 0.8903273
TXN -0.3047644 -0.5703032 -1.3161069 -0.5192158
LKQ 0.35528553 0.02148019 -1.0529408 0.0134207
ADBE -0.19085637 -1.0119122 -1.0546801 -0.014731819
ADI -0.41176093 -0.088934556 -1.6844807 -0.199366
EQIX 0.8519219 -1.3164982 -0.03909162 0.7369413
ZTS 0.28983772 -1.0808035 -0.65221334 0.5371502
MPC 1.0524846 1.0661823 -1.3091849 2.9756489
EOG 2.1219494 2.6919518 -1.0541735 1.6964319
WYNN 0.75897586 0.35262284 -1.2138554 2.738915
IR 0.07433088 0.03641796 -1.2079839 -0.8176987
YUM 0.2349331 -1.1264803 -0.55740076 -0.6951202
HAS 0.4457654 -0.7955732 -0.55383724 -0.23325273
CXO 1.856778 2.5543268 -1.3756107 2.7642639
SNA 0.35402358 -0.44708827 -0.70208174 -1.5996563
ANDV 0.7689704 0.8947898 -1.5164279 3.2532856
PXD 2.1701124 2.4143865 -1.0008861 2.6618001
MGM 0.103987284 0.06456883 -1.550671 2.3906424
DLTR 0.68115616 -0.5239822 -0.56319684 0.4991693
AIV 1.9280715 -1.8008476 1.1843247 -0.2612041
ORCL 0.17393275 -1.1459491 -0.5459069 -1.5613354
BMY 0.15400235 -1.1887376 -0.6719448 0.03583852
ICE 0.25795734 -0.65868574 -0.75957 -0.64572614
ES 3.4541962 -1.4930019 2.3749506 -1.3098314
O 2.2453797 -1.9221526 1.4552056 0.102226205
DHR 0.19886598 -0.9379772 -0.5958745 -1.7386174
IQV 0.26567164 -1.0373585 -0.7149405 0.92312485
COTY 1.2288109 -0.12520207 -0.41427654 1.9682854
FOX 0.48987955 -0.15877227 -0.9015345 0.73467886
FOXA 0.2616369 -0.21065237 -1.0521929 0.3405875
NWS 0.5000533 0.217182 -1.1314112 1.04473
NWSA 0.24864313 0.66664714 -1.5244904 0.81861776
ALLE 0.19184212 -0.62421286 -0.8419436 -0.3507479
GOOG -0.4902187 -1.2470264 -1.1474148 -0.78038675
NAVI 0.44519 1.1806055 -1.7508028 1.6475967
INFO 0.6957602 -0.6840575 -0.40767708 -0.0089119375
SYF -0.17322972 -0.015205446 -1.5465976 0.29118493
CFG -0.76546514 1.0003747 -2.5757911 0.11689234
QRVO 0.101377256 0.10702127 -1.6966585 2.811769
WRK 0.82018566 0.7128532 -1.138549 1.6617258
PYPL 0.3288769 -0.48453453 -0.9178643 0.91065997
KHC 0.81996274 -0.9141973 -0.13046835 -0.9727567
HPE 0.5303583 0.13108356 -1.1644309 2.1006877
HPQ 0.39965555 0.34865707 -1.2279035 0.6730408
CSRA 0.64617574 -0.4369438 -0.7159003 1.2511775
WLTW 0.5000574 -0.78036165 -0.43016624 -1.1463689
UA 0.74358886 0.5553826 -1.3350017 2.7432902
FTV 0.6402549 -0.09598282 -0.66842234 -0.34428218
EVHC 0.58779556 -0.12251421 -1.0155004 2.0039408
HLT 0.55151916 -0.443368 -0.6028238 -0.41586077
DXC 0.6485371 -0.5388537 -0.48262897 -0.05215888
BHGE 0.8986913 0.5627784 -1.0787588 1.5260674
BHF 0.5649781 0.12315261 -0.9708491 0.56072503
DWDP 0.628613 -0.09328333 -0.77231306 -0.046127338
APTV 0.605424 -0.09975752 -0.82908016 0.04775446
